Year 2010 distribution:
[4581919.045794998, 2510184.0968137495, 1635333.4658451872, 1165845.6257647497, 783645.498554625, 568876.4076302999, 327637.5833808, 213247.15340544, 54210.50712]
Total: 1.1840899384309849E7
Change: 1.2855413655473704

Year 2020 distribution:
[5.806740703240029E7, 3.154525842306856E7, 2.0804263443632156E7, 1.453308813044644E7, 1.0146213238743408E7, 6932689.821313438, 4299955.85561509, 2572872.203313038, 796868.8874361576]
Total: 1.4969861703596857E8
Change: 1.2886292579600418

Year 2030 distribution:
[7.333628957133074E8, 3.983642287712969E8, 2.6276135296909353E8, 1.8351349514451596E8, 1.2816567422994007E8, 8.752255994599447E7, 5.433362602363729E7, 3.2466014380976375E7, 1.0077236350459531E7]
Total: 1.8905670835292218E9
Change: 1.288655949263154

Year 2040 distribution:
[9.261682576549896E9, 5.030959928497235E9, 3.31843027880514E9, 2.3175981717194276E9, 1.6186149656259634E9, 1.105322915122112E9, 6.861862890569098E8, 4.1001123193600684E8, 1.2726780484441157E8]
Total: 2.387607416215711E10
Change: 1.2886562308608787

Year 2050 distribution:
[1.169662817796609E11, 6.353625978720479E10, 4.190863271916877E10, 2.9269069954539528E10, 2.044157491607808E10, 1.3959181250599197E10, 8.665883649755632E9, 5.178053111877234E9, 1.6072721214460354E9]
Total: 3.0153220929033014E11
Change: 1.2886562338978556


Eigenvalue: 1.288656233542479

-------Halved in 2020 Data----------
Year 2010 distribution:
[4581919.045794998, 2510184.0968137495, 1635333.4658451872, 1165845.6257647497, 783645.498554625, 568876.4076302999, 327637.5833808, 213247.15340544, 54210.50712]
Total: 1.1840899384309849E7
Change: 1.2855413655473704


Birth rate halved!

Year 2020 distribution:
[4.338204460160112E7, 3.154525842306856E7, 2.0804263443632156E7, 1.453308813044644E7, 1.0146213238743408E7, 6932689.821313438, 4299955.85561509, 2572872.203313038, 796868.8874361576]
Total: 1.3501325460516942E8
Change: 1.1622153466843748

Year 2030 distribution:
[2.2375039169004574E8, 1.3433107545326144E8, 9.769982271364719E7, 7.507700115507022E7, 5.802399741234883E7, 4.4009102272269815E7, 2.963311450005398E7, 1.9666847536875926E7, 6884050.612949194]
Total: 6.890754033465226E8
Change: 1.1671765274399521

Year 2040 distribution:
[1.0570530930596315E9, 6.335714739350082E8, 4.611077130245511E8, 3.5532469062330544E8, 2.738323615726908E8, 2.0633536944949242E8, 1.413136011821412E8, 9.317679127090177E7, 3.192212559005448E7]
Total: 3.253637219707777E9
Change: 1.1678968351250105

Year 2050 distribution:
[4.99074715663457E9, 2.991279581752359E9, 2.17705381648423E9, 1.6776636576696353E9, 1.292828866239534E9, 9.741302218308082E8, 6.672668898302613E8, 4.399307796913933E8, 1.5067418277380607E8]
Total: 1.5361575152906597E10
Change: 1.1679026967923605


Eigenvalue: 1.1679027363338368

